## a "bad" example where mc() did *not* converge, even when varying eps1,eps2
## = *the* 'XX' example in Lukas Graz' BSc thesis (Feb.2021)
x30o50 <-
    c(-5.82867087928207e-16,  0.0372323129254644,   0.356043544979642,
       1.66533453693773e-16,  6.52256026967279e-16, 0.526296698541494,
      -2.49800180540660e-16,  4.16333634234434e-17, 1.11022302462516e-16,
       2.08166817117217e-16, -0.377748610599456,   -1.66006156960186,
      -6.93889390390723e-17,  0.738336942056681,   -1.52655665885959e-16,
       2.63677968348475e-16,  2.22044604925031e-16,-0.00216903712661659,
       2.08166817117217e-16, -0.742490727951188,   -0.107834829760757,
      -1.66533453693773e-16, -0.170789427371,       2.77555756156289e-17,
       0.106966136590365,0,  -4.16333634234434e-16, 1.29768316990585,
      -0.334507260871883,    -0.791478747295612,    1.80411241501588e-16,
      -3.19189119579733e-16,  0.0486237860406103,  -9.71445146547012e-17,
      -2.91433543964104e-16,  0.672635139909436,   -1.08246744900953e-15,
      -0.30249430345201,0,    1.49880108324396e-15, 4.16333634234434e-17,
      -7.91033905045424e-16, -1.09629992838849,     2.35922392732846e-16,
       4.85722573273506e-16, -1.16354204163649,     0.887862637595705,
      -4.16333634234434e-17, -8.32667268468867e-17, 2.77555756156289e-17)
